function P1=vdw(beta,v1)
R=8.3144;T=[289.3500  291.7500  295.3500  297.6500  299.6500  302.1500  304.3500  308.1500];
a=beta(1);b=beta(2);
P1=(R*T(1))./(v1-b)-a./(v1.^2);